(116, 37), (117, 37), (118, 37), (119, 37), (120, 37), (121, 37), (122, 37), (123, 37), (124, 37), (125, 37), 
(128, 37), (129, 37), (130, 37), (131, 37), (132, 37), (133, 37), (134, 37), (135, 37), (136, 37), (137, 37), 
(138, 37), (139, 37), (140, 37), (141, 37), (142, 37), (143, 37), (144, 37), (145, 37), (146, 37), (147, 37), 
(148, 37), (149, 37), (150, 37), (151, 37), (152, 37), (153, 37), (154, 37), (155, 37), (156, 37), (157, 37), 
(158, 37), (159, 37), (160, 37), (161, 37), (162, 37), (163, 37), (164, 37), (165, 37), (166, 37), (167, 37), 
(168, 37), (169, 37), (170, 37), (171, 37), (172, 37), (173, 37), (174, 37), (175, 37), (176, 37), (177, 37), 
(178, 37), (179, 37), (180, 37), (181, 37), (182, 37), (183, 37), (184, 37), (185, 37), (186, 37), (187, 37), 
(188, 37), (189, 37), (190, 37), (191, 37), (192, 37), (198, 37), (199, 37), (200, 37), (0, 38), (7, 38), 
(8, 38), (9, 38), (10, 38), (11, 38), (12, 38), (13, 38), (14, 38), (15, 38), (16, 38), (17, 38), 
(18, 38), (19, 38), (20, 38), (21, 38), (22, 38), (23, 38), (24, 38), (25, 38), (26, 38), (27, 38), 
(28, 38), (29, 38), (30, 38), (31, 38), (32, 38), (33, 38), (38, 38), (39, 38), (40, 38), (41, 38), 
(42, 38), (43, 38), (44, 38), (45, 38), (46, 38), (47, 38), (48, 38), (49, 38), (50, 38), (51, 38), 
(52, 38), (53, 38), (54, 38), (55, 38), (56, 38), (57, 38), (58, 38), (59, 38), (60, 38), (61, 38), 
(62, 38), (63, 38), (64, 38), (65, 38), (66, 38), (67, 38), (68, 38), (69, 38), (70, 38), (71, 38), 
(72, 38), (73, 38), (77, 38), (78, 38), (79, 38), (80, 38), (81, 38), (82, 38), (83, 38), (84, 38), 
(85, 38), (86, 38), (87, 38), (88, 38), (89, 38), (90, 38), (91, 38), (92, 38), (93, 38), (94, 38), 
(95, 38), (96, 38), (97, 38), (98, 38), (99, 38), (100, 38), (101, 38), (102, 38), (103, 38), (104, 38), 
(105, 38), (106, 38), (107, 38), (108, 38), (109, 38), (110, 38), (111, 38), (112, 38), (113, 38), (114, 38), 
(115, 38), (116, 38), (117, 38), (118, 38), (119, 38), (120, 38), (121, 38), (122, 38), (123, 38), (124, 38), 
(125, 38), (129, 38), (130, 38), (131, 38), (132, 38), (133, 38), (134, 38), (135, 38), (136, 38), (137, 38), 
(138, 38), (139, 38), (140, 38), (141, 38), (142, 38), (143, 38), (144, 38), (145, 38), (146, 38), (147, 38), 
(148, 38), (149, 38), (150, 38), (151, 38), (152, 38), (153, 38), (154, 38), (155, 38), (156, 38), (157, 38), 
(158, 38), (159, 38), (160, 38), (161, 38), (162, 38), (163, 38), (164, 38), (165, 38), (166, 38), (167, 38), 
(168, 38), (169, 38), (170, 38), (171, 38), (172, 38), (173, 38), (174, 38), (175, 38), (176, 38), (177, 38), 
(178, 38), (179, 38), (180, 38), (181, 38), (182, 38), (183, 38), (184, 38), (185, 38), (186, 38), (187, 38), 
(188, 38), (189, 38), (190, 38), (191, 38), (192, 38), (198, 38), (199, 38), (200, 38), (0, 39), (7, 39), 
(8, 39), (9, 39), (10, 39), (11, 39), (12, 39), (13, 39), (14, 39), (15, 39), (16, 39), (17, 39), 
(18, 39), (19, 39), (20, 39), (21, 39), (22, 39), (23, 39), (24, 39), (25, 39), (26, 39), (27, 39), 
(28, 39), (29, 39), (30, 39), (31, 39), (32, 39), (33, 39), (34, 39), (35, 39), (36, 39), (37, 39), 
(38, 39), (39, 39), (40, 39), (41, 39), (42, 39), (43, 39), (44, 39), (45, 39), (46, 39), (47, 39), 
(48, 39), (49, 39), (50, 39), (51, 39), (52, 39), (53, 39), (54, 39), (55, 39), (56, 39), (57, 39), 
(58, 39), (59, 39), (60, 39), (61, 39), (62, 39), (63, 39), (64, 39), (65, 39), (66, 39), (67, 39), 
(68, 39), (69, 39), (70, 39), (71, 39), (72, 39), (73, 39), (77, 39), (78, 39), (79, 39), (80, 39), 
(81, 39), (82, 39), (83, 39), (84, 39), (85, 39), (86, 39), (87, 39), (88, 39), (89, 39), (90, 39), 
(91, 39), (92, 39), (93, 39), (94, 39), (95, 39), (96, 39), (97, 39), (98, 39), (99, 39), (100, 39), 
(101, 39), (102, 39), (103, 39), (104, 39), (105, 39), (106, 39), (107, 39), (108, 39), (109, 39), (110, 39), 
(111, 39), (112, 39), (113, 39), (114, 39), (115, 39), (116, 39), (117, 39), (118, 39), (119, 39), (120, 39), 
(121, 39), (122, 39), (123, 39), (124, 39), (125, 39), (129, 39), (130, 39), (131, 39), (132, 39), (133, 39), 
(134, 39), (135, 39), (136, 39), (137, 39), (138, 39), (139, 39), (140, 39), (141, 39), (142, 39), (143, 39), 
(144, 39), (145, 39), (146, 39), (147, 39), (148, 39), (149, 39), (150, 39), (151, 39), (152, 39), (153, 39), 
(154, 39), (155, 39), (156, 39), (157, 39), (158, 39), (159, 39), (160, 39), (161, 39), (162, 39), (163, 39), 
(164, 39), (165, 39), (166, 39), (167, 39), (168, 39), (169, 39), (170, 39), (171, 39), (172, 39), (173, 39), 
(174, 39), (175, 39), (176, 39), (177, 39), (178, 39), (179, 39), (180, 39), (181, 39), (182, 39), (183, 39), 
(184, 39), (185, 39), (186, 39), (187, 39), (188, 39), (189, 39), (190, 39), (191, 39), (192, 39), (198, 39), 
(199, 39), (200, 39), (0, 40), (7, 40), (8, 40), (9, 40), (10, 40), (11, 40), (12, 40), (13, 40), 
(14, 40), (15, 40), (16, 40), (17, 40), (18, 40), (19, 40), (20, 40), (21, 40), (22, 40), (23, 40), 
(24, 40), (25, 40), (26, 40), (27, 40), (28, 40), (29, 40), (30, 40), (31, 40), (32, 40), (33, 40), 
(34, 40), (35, 40), (36, 40), (37, 40), (38, 40), (39, 40), (40, 40), (41, 40), (42, 40), (43, 40), 
(44, 40), (45, 40), (46, 40), (47, 40), (48, 40), (49, 40), (50, 40), (51, 40), (52, 40), (53, 40), 
(54, 40), (55, 40), (56, 40), (57, 40), (58, 40), (59, 40), (60, 40), (61, 40), (62, 40), (63, 40), 
(64, 40), (65, 40), (66, 40), (67, 40), (68, 40), (69, 40), (70, 40), (71, 40), (72, 40), (76, 40), 
(77, 40), (78, 40), (79, 40), (80, 40), (81, 40), (82, 40), (83, 40), (84, 40), (85, 40), (86, 40), 
(87, 40), (88, 40), (89, 40), (90, 40), (91, 40), (92, 40), (93, 40), (94, 40), (95, 40), (96, 40), 
(97, 40), (98, 40), (99, 40), (100, 40), (101, 40), (102, 40), (103, 40), (104, 40), (105, 40), (106, 40), 
(107, 40), (108, 40), (109, 40), (110, 40), (111, 40), (112, 40), (113, 40), (114, 40), (115, 40), (116, 40), 
(117, 40), (118, 40), (119, 40), (120, 40), (121, 40), (122, 40), (123, 40), (124, 40), (125, 40), (130, 40), 
(131, 40), (132, 40), (133, 40), (134, 40), (135, 40), (136, 40), (137, 40), (138, 40), (139, 40), (140, 40), 
(141, 40), (142, 40), (143, 40), (144, 40), (145, 40), (146, 40), (147, 40), (148, 40), (149, 40), (150, 40), 
(151, 40), (152, 40), (153, 40), (154, 40), (155, 40), (156, 40), (157, 40), (158, 40), (159, 40), (160, 40), 
(161, 40), (162, 40), (163, 40), (164, 40), (165, 40), (166, 40), (167, 40), (168, 40), (169, 40), (170, 40), 
(171, 40), (172, 40), (173, 40), (174, 40), (175, 40), (176, 40), (177, 40), (178, 40), (179, 40), (180, 40), 
(181, 40), (182, 40), (183, 40), (184, 40), (185, 40), (186, 40), (187, 40), (188, 40), (189, 40), (190, 40), 
(191, 40), (192, 40), (198, 40), (199, 40), (200, 40), (7, 41), (8, 41), (9, 41), (10, 41), (11, 41), 
(12, 41), (13, 41), (14, 41), (15, 41), (16, 41), (17, 41), (18, 41), (19, 41), (20, 41), (21, 41), 
(22, 41), (23, 41), (24, 41), (25, 41), (26, 41), (27, 41), (28, 41), (29, 41), (30, 41), (31, 41), 
(32, 41), (33, 41), (34, 41), (35, 41), (36, 41), (37, 41), (38, 41), (39, 41), (40, 41), (41, 41), 
(42, 41), (43, 41), (44, 41), (45, 41), (46, 41), (47, 41), (48, 41), (49, 41), (50, 41), (51, 41), 
(52, 41), (53, 41), (54, 41), (55, 41), (56, 41), (57, 41), (58, 41), (59, 41), (60, 41), (61, 41), 
(62, 41), (63, 41), (64, 41), (65, 41), (66, 41), (67, 41), (68, 41), (69, 41), (70, 41), (71, 41), 
(75, 41), (76, 41), (77, 41), (78, 41), (79, 41), (80, 41), (81, 41), (82, 41), (83, 41), (84, 41), 
(85, 41), (86, 41), (87, 41), (88, 41), (89, 41), (90, 41), (91, 41), (92, 41), (93, 41), (94, 41), 
(95, 41), (96, 41), (97, 41), (98, 41), (99, 41), (100, 41), (101, 41), (102, 41), (103, 41), (104, 41), 
(105, 41), (106, 41), (107, 41), (108, 41), (109, 41), (110, 41), (111, 41), (112, 41), (113, 41), (114, 41), 
(115, 41), (116, 41), (117, 41), (118, 41), (119, 41), (120, 41), (121, 41), (122, 41), (123, 41), (124, 41), 
(125, 41), (130, 41), (131, 41), (132, 41), (133, 41), (134, 41), (135, 41), (136, 41), (137, 41), (138, 41), 
(139, 41), (140, 41), (141, 41), (142, 41), (143, 41), (144, 41), (145, 41), (146, 41), (147, 41), (148, 41), 
(149, 41), (150, 41), (151, 41), (152, 41), (153, 41), (154, 41), (155, 41), (156, 41), (157, 41), (158, 41), 
(159, 41), (160, 41), (161, 41), (162, 41), (163, 41), (164, 41), (165, 41), (166, 41), (167, 41), (168, 41), 
(169, 41), (170, 41), (171, 41), (172, 41), (173, 41), (174, 41), (175, 41), (176, 41), (177, 41), (178, 41), 
(179, 41), (180, 41), (181, 41), (182, 41), (183, 41), (184, 41), (185, 41), (186, 41), (187, 41), (188, 41), 
(189, 41), (190, 41), (191, 41), (192, 41), (198, 41), (199, 41), (200, 41), (7, 42), (8, 42), (9, 42), 
(10, 42), (11, 42), (12, 42), (13, 42), (14, 42), (15, 42), (16, 42), (17, 42), (18, 42), (19, 42), 
(20, 42), (21, 42), (22, 42), (23, 42), (24, 42), (25, 42), (26, 42), (27, 42), (28, 42), (29, 42), 
(30, 42), (31, 42), (32, 42), (33, 42), (34, 42), (35, 42), (36, 42), (37, 42), (38, 42), (39, 42), 
(40, 42), (41, 42), (42, 42), (43, 42), (44, 42), (45, 42), (46, 42), (47, 42), (48, 42), (49, 42), 
(50, 42), (51, 42), (52, 42), (53, 42), (54, 42), (55, 42), (56, 42), (57, 42), (58, 42), (59, 42), 
(60, 42), (61, 42), (62, 42), (63, 42), (64, 42), (65, 42), (66, 42), (67, 42), (68, 42), (69, 42), 
(70, 42), (71, 42), (75, 42), (76, 42), (77, 42), (78, 42), (79, 42), (80, 42), (81, 42), (82, 42), 
(83, 42), (84, 42), (85, 42), (86, 42), (87, 42), (88, 42), (89, 42), (90, 42), (91, 42), (92, 42), 
(93, 42), (94, 42), (95, 42), (96, 42), (97, 42), (98, 42), (99, 42), (100, 42), (101, 42), (102, 42), 
(103, 42), (104, 42), (105, 42), (106, 42), (107, 42), (108, 42), (109, 42), (110, 42), (111, 42), (112, 42), 
(113, 42), (114, 42), (115, 42), (116, 42), (117, 42), (118, 42), (119, 42), (120, 42), (121, 42), (122, 42), 
(123, 42), (124, 42), (125, 42), (131, 42), (132, 42), (133, 42), (134, 42), (135, 42), (136, 42), (137, 42), 
(138, 42), (139, 42), (140, 42), (141, 42), (142, 42), (143, 42), (144, 42), (145, 42), (146, 42), (147, 42), 
(148, 42), (149, 42), (150, 42), (151, 42), (152, 42), (153, 42), (154, 42), (155, 42), (156, 42), (157, 42), 
(158, 42), (159, 42), (160, 42), (161, 42), (162, 42), (163, 42), (164, 42), (165, 42), (166, 42), (167, 42), 
(168, 42), (169, 42), (170, 42), (171, 42), (172, 42), (173, 42), (174, 42), (175, 42), (176, 42), (177, 42), 
(178, 42), (179, 42), (180, 42), (181, 42), (182, 42), (183, 42), (184, 42), (185, 42), (186, 42), (187, 42), 
(188, 42), (189, 42), (190, 42), (191, 42), (192, 42), (198, 42), (199, 42), (200, 42), (0, 43), (7, 43), 
(8, 43), (9, 43), (10, 43), (11, 43), (12, 43), (13, 43), (14, 43), (15, 43), (16, 43), (17, 43), 
(18, 43), (19, 43), (20, 43), (21, 43), (22, 43), (23, 43), (24, 43), (25, 43), (26, 43), (27, 43), 
(28, 43), (29, 43), (30, 43), (31, 43), (32, 43), (33, 43), (34, 43), (35, 43), (36, 43), (37, 43), 
(38, 43), (39, 43), (40, 43), (41, 43), (42, 43), (43, 43), (44, 43), (45, 43), (46, 43), (47, 43), 
(48, 43), (49, 43), (50, 43), (51, 43), (52, 43), (53, 43), (54, 43), (55, 43), (56, 43), (57, 43), 
(58, 43), (59, 43), (60, 43), (61, 43), (62, 43), (63, 43), (64, 43), (65, 43), (66, 43), (67, 43), 
(68, 43), (69, 43), (70, 43), (75, 43), (76, 43), (77, 43), (78, 43), (79, 43), (80, 43), (81, 43), 
(82, 43), (83, 43), (84, 43), (85, 43), (86, 43), (87, 43), (88, 43), (89, 43), (90, 43), (91, 43), 
(92, 43), (93, 43), (94, 43), (95, 43), (96, 43), (97, 43), (98, 43), (99, 43), (100, 43), (101, 43), 
(103, 43), (104, 43), (105, 43), (106, 43), (107, 43), (108, 43), (109, 43), (110, 43), (111, 43), (112, 43), 
(113, 43), (114, 43), (115, 43), (116, 43), (117, 43), (118, 43), (119, 43), (120, 43), (121, 43), (122, 43), 
(123, 43), (124, 43), (125, 43), (131, 43), (132, 43), (133, 43), (134, 43), (135, 43), (136, 43), (137, 43), 
(138, 43), (139, 43), (140, 43), (141, 43), (142, 43), (143, 43), (144, 43), (145, 43), (146, 43), (147, 43), 
(148, 43), (149, 43), (150, 43), (151, 43), (152, 43), (153, 43), (154, 43), (155, 43), (156, 43), (157, 43), 
(158, 43), (159, 43), (160, 43), (161, 43), (162, 43), (163, 43), (164, 43), (165, 43), (166, 43), (167, 43), 
(168, 43), (169, 43), (170, 43), (171, 43), (172, 43), (173, 43), (174, 43), (175, 43), (176, 43), (177, 43), 
(178, 43), (179, 43), (180, 43), (181, 43), (182, 43), (183, 43), (184, 43), (185, 43), (186, 43), (187, 43), 
(188, 43), (189, 43), (190, 43), (191, 43), (192, 43), (198, 43), (199, 43), (200, 43), (0, 44), (7, 44), 
(8, 44), (9, 44), (10, 44), (11, 44), (12, 44), (13, 44), (14, 44), (15, 44), (16, 44), (17, 44), 
(18, 44), (19, 44), (20, 44), (21, 44), (22, 44), (23, 44), (24, 44), (25, 44), (26, 44), (27, 44), 
(28, 44), (29, 44), (30, 44), (31, 44), (32, 44), (33, 44), (34, 44), (35, 44), (36, 44), (37, 44), 
(38, 44), (39, 44), (40, 44), (41, 44), (42, 44), (43, 44), (44, 44), (45, 44), (46, 44), (47, 44), 
(48, 44), (49, 44), (50, 44), (51, 44), (52, 44), (53, 44), (54, 44), (55, 44), (56, 44), (57, 44), 
(58, 44), (59, 44), (60, 44), (61, 44), (62, 44), (63, 44), (64, 44), (65, 44), (66, 44), (67, 44), 
(68, 44), (69, 44), (75, 44), (76, 44), (77, 44), (78, 44), (79, 44), (80, 44), (81, 44), (82, 44), 
(83, 44), (84, 44), (85, 44), (86, 44), (87, 44), (88, 44), (89, 44), (90, 44), (91, 44), (92, 44), 
(93, 44), (94, 44), (95, 44), (96, 44), (97, 44), (98, 44), (99, 44), (100, 44), (103, 44), (104, 44), 
(105, 44), (106, 44), (107, 44), (108, 44), (109, 44), (110, 44), (111, 44), (112, 44), (113, 44), (114, 44), 
(115, 44), (116, 44), (117, 44), (118, 44), (119, 44), (120, 44), (121, 44), (122, 44), (123, 44), (124, 44), 
(125, 44), (131, 44), (132, 44), (133, 44), (134, 44), (135, 44), (136, 44), (137, 44), (138, 44), (139, 44), 
(140, 44), (141, 44), (142, 44), (143, 44), (144, 44), (145, 44), (146, 44), (147, 44), (148, 44), (149, 44), 
(150, 44), (151, 44), (152, 44), (153, 44), (154, 44), (155, 44), (156, 44), (157, 44), (158, 44), (159, 44), 
(160, 44), (161, 44), (162, 44), (163, 44), (164, 44), (165, 44), (166, 44), (167, 44), (168, 44), (169, 44), 
(170, 44), (171, 44), (172, 44), (173, 44), (174, 44), (175, 44), (176, 44), (177, 44), (178, 44), (179, 44), 
(180, 44), (181, 44), (182, 44), (183, 44), (184, 44), (185, 44), (186, 44), (187, 44), (188, 44), (189, 44), 
(190, 44), (191, 44), (192, 44), (198, 44), (199, 44), (200, 44), (0, 45), (7, 45), (8, 45), (9, 45), 
(10, 45), (11, 45), (12, 45), (13, 45), (14, 45), (15, 45), (16, 45), (17, 45), (18, 45), (19, 45), 
(20, 45), (21, 45), (22, 45), (23, 45), (24, 45), (25, 45), (26, 45), (27, 45), (28, 45), (29, 45), 
(30, 45), (31, 45), (32, 45), (33, 45), (34, 45), (35, 45), (36, 45), (37, 45), (38, 45), (39, 45), 
(40, 45), (41, 45), (42, 45), (43, 45), (44, 45), (45, 45), (46, 45), (47, 45), (48, 45), (49, 45), 
(50, 45), (51, 45), (52, 45), (53, 45), (54, 45), (55, 45), (56, 45), (57, 45), (58, 45), (59, 45), 
(60, 45), (61, 45), (62, 45), (63, 45), (64, 45), (65, 45), (66, 45), (67, 45), (68, 45), (69, 45), 
(75, 45), (76, 45), (77, 45), (78, 45), (79, 45), (80, 45), (81, 45), (82, 45), (83, 45), (84, 45), 
(85, 45), (86, 45), (87, 45), (88, 45), (89, 45), (90, 45), (91, 45), (92, 45), (93, 45), (94, 45), 
(95, 45), (96, 45), (97, 45), (98, 45), (99, 45), (104, 45), (105, 45), (106, 45), (107, 45), (108, 45), 
(109, 45), (110, 45), (111, 45), (112, 45), (113, 45), (114, 45), (115, 45), (116, 45), (117, 45), (118, 45), 
(119, 45), (120, 45), (121, 45), (122, 45), (123, 45), (124, 45), (125, 45), (132, 45), (133, 45), (134, 45), 
(135, 45), (136, 45), (137, 45), (138, 45), (139, 45), (140, 45), (141, 45), (142, 45), (143, 45), (144, 45), 
(145, 45), (146, 45), (147, 45), (148, 45), (149, 45), (150, 45), (151, 45), (152, 45), (153, 45), (154, 45), 
(155, 45), (156, 45), (157, 45), (158, 45), (159, 45), (160, 45), (161, 45), (162, 45), (163, 45), (164, 45), 
(165, 45), (166, 45), (167, 45), (168, 45), (169, 45), (170, 45), (171, 45), (172, 45), (173, 45), (174, 45), 
(175, 45), (176, 45), (177, 45), (178, 45), (179, 45), (180, 45), (181, 45), (182, 45), (183, 45), (184, 45), 
(185, 45), (186, 45), (187, 45), (188, 45), (189, 45), (190, 45), (191, 45), (192, 45), (198, 45), (199, 45), 
(200, 45), (0, 46), (7, 46), (8, 46), (9, 46), (10, 46), (11, 46), (12, 46), (13, 46), (14, 46), 
(15, 46), (16, 46), (17, 46), (18, 46), (19, 46), (20, 46), (21, 46), (22, 46), (23, 46), (24, 46), 
(25, 46), (26, 46), (27, 46), (28, 46), (29, 46), (30, 46), (31, 46), (32, 46), (33, 46), (34, 46), 
(35, 46), (36, 46), (37, 46), (38, 46), (39, 46), (40, 46), (41, 46), (42, 46), (43, 46), (44, 46), 
(45, 46), (46, 46), (47, 46), (48, 46), (49, 46), (50, 46), (51, 46), (52, 46), (53, 46), (54, 46), 
(55, 46), (56, 46), (57, 46), (58, 46), (59, 46), (60, 46), (61, 46), (62, 46), (63, 46), (64, 46), 
(65, 46), (66, 46), (67, 46), (68, 46), (75, 46), (76, 46), (77, 46), (78, 46), (79, 46), (80, 46), 
(81, 46), (82, 46), (83, 46), (84, 46), (85, 46), (86, 46), (87, 46), (88, 46), (89, 46), (90, 46), 
(91, 46), (92, 46), (93, 46), (94, 46), (95, 46), (96, 46), (97, 46), (105, 46), (106, 46), (107, 46), 
(108, 46), (109, 46), (110, 46), (111, 46), (112, 46), (113, 46), (114, 46), (115, 46), (116, 46), (117, 46), 
(118, 46), (119, 46), (120, 46), (121, 46), (122, 46), (123, 46), (124, 46), (125, 46), (132, 46), (133, 46), 
(134, 46), (135, 46), (136, 46), (137, 46), (138, 46), (139, 46), (140, 46), (141, 46), (142, 46), (143, 46), 
(144, 46), (145, 46), (146, 46), (147, 46), (148, 46), (149, 46), (150, 46), (151, 46), (152, 46), (153, 46), 
(154, 46), (155, 46), (156, 46), (157, 46), (158, 46), (159, 46), (160, 46), (161, 46), (162, 46), (163, 46), 
(164, 46), (165, 46), (166, 46), (167, 46), (168, 46), (169, 46), (170, 46), (171, 46), (172, 46), (173, 46), 
(174, 46), (175, 46), (176, 46), (177, 46), (178, 46), (179, 46), (180, 46), (181, 46), (182, 46), (183, 46), 
(184, 46), (185, 46), (186, 46), (187, 46), (188, 46), (189, 46), (190, 46), (191, 46), (192, 46), (198, 46), 
(199, 46), (200, 46), (7, 47), (8, 47), (9, 47), (10, 47), (11, 47), (12, 47), (13, 47), (14, 47), 
(15, 47), (16, 47), (17, 47), (18, 47), (19, 47), (20, 47), (21, 47), (22, 47), (23, 47), (24, 47), 
(25, 47), (26, 47), (27, 47), (28, 47), (29, 47), (30, 47), (31, 47), (32, 47), (33, 47), (34, 47), 
(35, 47), (36, 47), (37, 47), (38, 47), (39, 47), (40, 47), (41, 47), (42, 47), (43, 47), (44, 47), 
(45, 47), (46, 47), (47, 47), (48, 47), (49, 47), (50, 47), (51, 47), (52, 47), (53, 47), (54, 47), 
(55, 47), (56, 47), (57, 47), (58, 47), (59, 47), (60, 47), (61, 47), (62, 47), (63, 47), (64, 47), 
(65, 47), (66, 47), (67, 47), (75, 47), (76, 47), (77, 47), (78, 47), (79, 47), (80, 47), (81, 47), 
(82, 47), (83, 47), (84, 47), (85, 47), (86, 47), (87, 47), (88, 47), (89, 47), (90, 47), (91, 47), 
(92, 47), (93, 47), (94, 47), (95, 47), (96, 47), (97, 47), (106, 47), (107, 47), (108, 47), (109, 47), 
(110, 47), (111, 47), (112, 47), (113, 47), (114, 47), (115, 47), (116, 47), (117, 47), (118, 47), (119, 47), 
(120, 47), (121, 47), (122, 47), (123, 47), (124, 47), (125, 47), (133, 47), (134, 47), (135, 47), (136, 47), 
(137, 47), (138, 47), (139, 47), (140, 47), (141, 47), (142, 47), (143, 47), (144, 47), (145, 47), (146, 47), 
(147, 47), (148, 47), (149, 47), (150, 47), (151, 47), (152, 47), (153, 47), (154, 47), (155, 47), (156, 47), 
(157, 47), (158, 47), (159, 47), (160, 47), (161, 47), (162, 47), (163, 47), (164, 47), (165, 47), (166, 47), 
(167, 47), (168, 47), (169, 47), (170, 47), (171, 47), (172, 47), (173, 47), (174, 47), (175, 47), (176, 47), 
(177, 47), (178, 47), (179, 47), (180, 47), (181, 47), (182, 47), (183, 47), (184, 47), (185, 47), (186, 47), 
(187, 47), (188, 47), (189, 47), (190, 47), (191, 47), (192, 47), (198, 47), (199, 47), (200, 47), (7, 48), 
(8, 48), (9, 48), (10, 48), (11, 48), (12, 48), (13, 48), (14, 48), (15, 48), (16, 48), (17, 48), 
(18, 48), (19, 48), (21, 48), (23, 48), (24, 48), (25, 48), (26, 48), (27, 48), (28, 48), (29, 48), 
(30, 48), (31, 48), (32, 48), (33, 48), (34, 48), (35, 48), (36, 48), (37, 48), (38, 48), (39, 48), 
(40, 48), (41, 48), (42, 48), (43, 48), (44, 48), (45, 48), (46, 48), (54, 48), (55, 48), (56, 48), 
(57, 48), (58, 48), (59, 48), (60, 48), (61, 48), (62, 48), (63, 48), (64, 48), (65, 48), (66, 48), 
(75, 48), (76, 48), (77, 48), (78, 48), (79, 48), (80, 48), (81, 48), (82, 48), (83, 48), (84, 48), 
(85, 48), (86, 48), (87, 48), (88, 48), (89, 48), (90, 48), (91, 48), (92, 48), (93, 48), (94, 48), 
(95, 48), (96, 48), (107, 48), (108, 48), (109, 48), (110, 48), (111, 48), (112, 48), (113, 48), (114, 48), 
(115, 48), (116, 48), (117, 48), (118, 48), (119, 48), (120, 48), (121, 48), (122, 48), (123, 48), (124, 48), 
(125, 48), (133, 48), (134, 48), (135, 48), (136, 48), (137, 48), (138, 48), (139, 48), (140, 48), (141, 48), 
(142, 48), (143, 48), (144, 48), (145, 48), (146, 48), (147, 48), (148, 48), (149, 48), (150, 48), (151, 48), 
(152, 48), (153, 48), (154, 48), (155, 48), (156, 48), (157, 48), (158, 48), (159, 48), (160, 48), (161, 48), 
(162, 48), (163, 48), (164, 48), (165, 48), (166, 48), (167, 48), (168, 48), (169, 48), (170, 48), (171, 48), 
(172, 48), (173, 48), (174, 48), (175, 48), (176, 48), (177, 48), (178, 48), (180, 48), (181, 48), (182, 48), 
(183, 48), (184, 48), (185, 48), (186, 48), (187, 48), (188, 48), (189, 48), (190, 48), (191, 48), (192, 48), 
(198, 48), (199, 48), (200, 48), (0, 49), (7, 49), (8, 49), (9, 49), (10, 49), (11, 49), (12, 49), 
(13, 49), (14, 49), (15, 49), (16, 49), (17, 49), (25, 49), (26, 49), (27, 49), (28, 49), (29, 49), 
(30, 49), (31, 49), (32, 49), (33, 49), (34, 49), (35, 49), (36, 49), (37, 49), (38, 49), (39, 49), 
(40, 49), (41, 49), (42, 49), (43, 49), (44, 49), (55, 49), (56, 49), (57, 49), (58, 49), (59, 49), 
(60, 49), (61, 49), (62, 49), (63, 49), (64, 49), (65, 49), (66, 49), (75, 49), (76, 49), (77, 49), 
(78, 49), (79, 49), (80, 49), (81, 49), (82, 49), (83, 49), (84, 49), (85, 49), (86, 49), (87, 49), 
(88, 49), (89, 49), (90, 49), (91, 49), (92, 49), (93, 49), (94, 49), (108, 49), (109, 49), (110, 49), 
(111, 49), (112, 49), (113, 49), (114, 49), (115, 49), (116, 49), (117, 49), (118, 49), (119, 49), (120, 49), 
(121, 49), (122, 49), (123, 49), (124, 49), (125, 49), (134, 49), (135, 49), (136, 49), (137, 49), (138, 49), 
(139, 49), (140, 49), (141, 49), (142, 49), (143, 49), (144, 49), (145, 49), (146, 49), (147, 49), (155, 49), 
(156, 49), (157, 49), (158, 49), (159, 49), (160, 49), (161, 49), (162, 49), (163, 49), (164, 49), (165, 49), 
(166, 49), (167, 49), (168, 49), (169, 49), (170, 49), (171, 49), (172, 49), (173, 49), (174, 49), (175, 49), 
(183, 49), (184, 49), (185, 49), (186, 49), (187, 49), (188, 49), (189, 49), (190, 49), (191, 49), (192, 49), 
(198, 49), (199, 49), (200, 49), (0, 50), (7, 50), (8, 50), (9, 50), (10, 50), (11, 50), (12, 50), 
(13, 50), (14, 50), (15, 50), (26, 50), (27, 50), (28, 50), (29, 50), (30, 50), (31, 50), (32, 50), 
(33, 50), (34, 50), (35, 50), (36, 50), (37, 50), (38, 50), (39, 50), (40, 50), (41, 50), (42, 50), 
(43, 50), (44, 50), (55, 50), (56, 50), (57, 50), (58, 50), (59, 50), (60, 50), (61, 50), (62, 50), 
(63, 50), (64, 50), (65, 50), (66, 50), (75, 50), (76, 50), (77, 50), (78, 50), (79, 50), (80, 50), 
(81, 50), (82, 50), (83, 50), (84, 50), (85, 50), (86, 50), (87, 50), (88, 50), (89, 50), (90, 50), 
(91, 50), (92, 50), (93, 50), (109, 50), (110, 50), (111, 50), (112, 50), (113, 50), (114, 50), (115, 50), 
(116, 50), (117, 50), (118, 50), (119, 50), (120, 50), (121, 50), (122, 50), (123, 50), (124, 50), (125, 50), 
(134, 50), (135, 50), (136, 50), (137, 50), (138, 50), (139, 50), (140, 50), (141, 50), (142, 50), (143, 50), 
(144, 50), (145, 50), (146, 50), (156, 50), (157, 50), (158, 50), (159, 50), (160, 50), (161, 50), (162, 50), 
(163, 50), (164, 50), (165, 50), (166, 50), (167, 50), (168, 50), (169, 50), (170, 50), (171, 50), (172, 50), 
(173, 50), (174, 50), (185, 50), (186, 50), (187, 50), (188, 50), (189, 50), (190, 50), (191, 50), (192, 50), 
(198, 50), (199, 50), (200, 50), (0, 51), (7, 51), (8, 51), (9, 51), (10, 51), (11, 51), (12, 51), 
(13, 51), (14, 51), (26, 51), (27, 51), (28, 51), (29, 51), (30, 51), (31, 51), (32, 51), (33, 51), 
(34, 51), (35, 51), (36, 51), (37, 51), (38, 51), (39, 51), (40, 51), (41, 51), (42, 51), (43, 51), 
(56, 51), (57, 51), (58, 51), (59, 51), (60, 51), (61, 51), (62, 51), (63, 51), (64, 51), (65, 51), 
(66, 51), (75, 51), (76, 51), (77, 51), (78, 51), (79, 51), (80, 51), (81, 51), (82, 51), (83, 51), 
(84, 51), (85, 51), (86, 51), (87, 51), (88, 51), (89, 51), (90, 51), (91, 51), (92, 51), (110, 51), 
(111, 51), (112, 51), (113, 51), (114, 51), (115, 51), (116, 51), (117, 51), (118, 51), (119, 51), (120, 51), 
(121, 51), (122, 51), (123, 51), (124, 51), (125, 51), (134, 51), (135, 51), (136, 51), (137, 51), (138, 51), 
(139, 51), (140, 51), (141, 51), (142, 51), (143, 51), (144, 51), (145, 51), (146, 51), (156, 51), (157, 51), 
(158, 51), (159, 51), (160, 51), (161, 51), (162, 51), (163, 51), (164, 51), (165, 51), (166, 51), (167, 51), 
(168, 51), (169, 51), (170, 51), (171, 51), (172, 51), (173, 51), (174, 51), (186, 51), (187, 51), (188, 51), 
(189, 51), (190, 51), (191, 51), (192, 51), (198, 51), (199, 51), (200, 51), (0, 52), (7, 52), (8, 52), 
(9, 52), (10, 52), (11, 52), (12, 52), (13, 52), (14, 52), (27, 52), (28, 52), (29, 52), (30, 52), 
(31, 52), (32, 52), (33, 52), (34, 52), (35, 52), (36, 52), (37, 52), (38, 52), (39, 52), (40, 52), 
(41, 52), (42, 52), (43, 52), (56, 52), (57, 52), (58, 52), (59, 52), (60, 52), (61, 52), (62, 52), 
(63, 52), (64, 52), (65, 52), (66, 52), (75, 52), (76, 52), (77, 52), (78, 52), (79, 52), (80, 52), 
(81, 52), (82, 52), (83, 52), (84, 52), (85, 52), (86, 52), (87, 52), (88, 52), (89, 52), (90, 52), 
(91, 52), (92, 52), (111, 52), (112, 52), (113, 52), (114, 52), (115, 52), (116, 52), (117, 52), (118, 52), 
(119, 52), (120, 52), (121, 52), (122, 52), (123, 52), (124, 52), (125, 52), (134, 52), (135, 52), (136, 52), 
(137, 52), (138, 52), (139, 52), (140, 52), (141, 52), (142, 52), (143, 52), (144, 52), (145, 52), (157, 52), 
(158, 52), (159, 52), (160, 52), (161, 52), (162, 52), (163, 52), (164, 52), (165, 52), (166, 52), (167, 52), 
(168, 52), (169, 52), (170, 52), (171, 52), (172, 52), (173, 52), (186, 52), (187, 52), (188, 52), (189, 52), 
(190, 52), (191, 52), (192, 52), (198, 52), (199, 52), (200, 52), (0, 53), (7, 53), (8, 53), (9, 53), 
(10, 53), (11, 53), (12, 53), (13, 53), (14, 53), (27, 53), (28, 53), (29, 53), (30, 53), (31, 53), 
(32, 53), (33, 53), (34, 53), (35, 53), (36, 53), (37, 53), (38, 53), (39, 53), (40, 53), (41, 53), 
(42, 53), (57, 53), (58, 53), (59, 53), (60, 53), (61, 53), (62, 53), (63, 53), (64, 53), (65, 53), 
(66, 53), (75, 53), (76, 53), (77, 53), (78, 53), (79, 53), (80, 53), (81, 53), (82, 53), (83, 53), 
(84, 53), (85, 53), (86, 53), (87, 53), (88, 53), (89, 53), (90, 53), (91, 53), (112, 53), (113, 53), 
(114, 53), (115, 53), (116, 53), (117, 53), (118, 53), (119, 53), (120, 53), (121, 53), (122, 53), (123, 53), 
(124, 53), (125, 53), (134, 53), (135, 53), (136, 53), (137, 53), (138, 53), (139, 53), (140, 53), (141, 53), 
(142, 53), (143, 53), (144, 53), (145, 53), (157, 53), (158, 53), (159, 53), (160, 53), (161, 53), (162, 53), 
(163, 53), (164, 53), (165, 53), (166, 53), (167, 53), (168, 53), (169, 53), (170, 53), (171, 53), (172, 53), 
(173, 53), (186, 53), (187, 53), (188, 53), (189, 53), (190, 53), (191, 53), (192, 53), (198, 53), (199, 53), 
(200, 53), (0, 54), (7, 54), (8, 54), (9, 54), (10, 54), (11, 54), (12, 54), (13, 54), (14, 54), 
(27, 54), (28, 54), (29, 54), (30, 54), (31, 54), (32, 54), (33, 54), (34, 54), (35, 54), (36, 54), 
(37, 54), (38, 54), (39, 54), (40, 54), (41, 54), (57, 54), (58, 54), (59, 54), (60, 54), (61, 54), 
(62, 54), (63, 54), (64, 54), (65, 54), (66, 54), (75, 54), (76, 54), (77, 54), (78, 54), (79, 54), 
(80, 54), (81, 54), (82, 54), (83, 54), (84, 54), (85, 54), (86, 54), (87, 54), (88, 54), (89, 54), 
(112, 54), (113, 54), (114, 54), (115, 54), (116, 54), (117, 54), (118, 54), (119, 54), (120, 54), (121, 54), 
(122, 54), (123, 54), (124, 54), (125, 54), (134, 54), (135, 54), (136, 54), (137, 54), (138, 54), (139, 54), 
(140, 54), (141, 54), (142, 54), (143, 54), (144, 54), (158, 54), (159, 54), (160, 54), (161, 54), (162, 54), 
(163, 54), (164, 54), (165, 54), (166, 54), (167, 54), (168, 54), (169, 54), (170, 54), (171, 54), (172, 54), 
(173, 54), (186, 54), (187, 54), (188, 54), (189, 54), (190, 54), (191, 54), (192, 54), (198, 54), (199, 54), 
(200, 54), (0, 55), (7, 55), (8, 55), (9, 55), (10, 55), (11, 55), (12, 55), (13, 55), (14, 55), 
(27, 55), (28, 55), (29, 55), (30, 55), (31, 55), (32, 55), (33, 55), (34, 55), (35, 55), (36, 55), 
(37, 55), (38, 55), (39, 55), (40, 55), (41, 55), (57, 55), (58, 55), (59, 55), (60, 55), (61, 55), 
(62, 55), (63, 55), (64, 55), (65, 55), (66, 55), (75, 55), (76, 55), (77, 55), (78, 55), (79, 55), 
(80, 55), (81, 55), (82, 55), (83, 55), (84, 55), (85, 55), (86, 55), (87, 55), (88, 55), (89, 55), 
(111, 55), (112, 55), (113, 55), (114, 55), (115, 55), (116, 55), (117, 55), (118, 55), (119, 55), (120, 55), 
(121, 55), (122, 55), (123, 55), (124, 55), (125, 55), (134, 55), (135, 55), (136, 55), (137, 55), (138, 55), 
(139, 55), (140, 55), (141, 55), (142, 55), (143, 55), (144, 55), (158, 55), (159, 55), (160, 55), (161, 55), 
(162, 55), (163, 55), (164, 55), (165, 55), (166, 55), (167, 55), (168, 55), (169, 55), (170, 55), (171, 55), 
(172, 55), (173, 55), (186, 55), (187, 55), (188, 55), (189, 55), (190, 55), (191, 55), (192, 55), (198, 55), 
(199, 55), (200, 55), (0, 56), (7, 56), (8, 56), (9, 56), (10, 56), (11, 56), (12, 56), (13, 56), 
(14, 56), (27, 56), (28, 56), (29, 56), (30, 56), (31, 56), (32, 56), (33, 56), (34, 56), (35, 56), 
(36, 56), (37, 56), (38, 56), (39, 56), (40, 56), (41, 56), (42, 56), (57, 56), (58, 56), (59, 56), 
(60, 56), (61, 56), (62, 56), (63, 56), (64, 56), (65, 56), (66, 56), (75, 56), (76, 56), (77, 56), 
(78, 56), (79, 56), (80, 56), (81, 56), (82, 56), (83, 56), (84, 56), (85, 56), (86, 56), (87, 56), 
(88, 56), (110, 56), (111, 56), (112, 56), (113, 56), (114, 56), (115, 56), (116, 56), (117, 56), (118, 56), 
(119, 56), (120, 56), (121, 56), (122, 56), (123, 56), (124, 56), (125, 56), (134, 56), (135, 56), (136, 56), 
(137, 56), (138, 56), (139, 56), (140, 56), (141, 56), (142, 56), (143, 56), (144, 56), (158, 56), (159, 56), 
(160, 56), (161, 56), (162, 56), (163, 56), (164, 56), (165, 56), (166, 56), (167, 56), (168, 56), (169, 56), 
(170, 56), (171, 56), (172, 56), (173, 56), (186, 56), (187, 56), (188, 56), (189, 56), (190, 56), (191, 56), 
(192, 56), (198, 56), (199, 56), (200, 56), (0, 57), (7, 57), (8, 57), (9, 57), (10, 57), (11, 57), 
(12, 57), (13, 57), (14, 57), (27, 57), (28, 57), (29, 57), (30, 57), (31, 57), (32, 57), (33, 57), 
(34, 57), (35, 57), (36, 57), (37, 57), (38, 57), (39, 57), (40, 57), (41, 57), (42, 57), (56, 57), 
(57, 57), (58, 57), (59, 57), (60, 57), (61, 57), (62, 57), (63, 57), (64, 57), (65, 57), (66, 57), 
(75, 57), (76, 57), (77, 57), (78, 57), (79, 57), (80, 57), (81, 57), (82, 57), (83, 57), (84, 57), 
(85, 57), (86, 57), (87, 57), (88, 57), (109, 57), (110, 57), (111, 57), (112, 57), (113, 57), (114, 57), 
(115, 57), (116, 57), (117, 57), (118, 57), (119, 57), (120, 57), (121, 57), (122, 57), (123, 57), (124, 57), 
(125, 57), (134, 57), (135, 57), (136, 57), (137, 57), (138, 57), (139, 57), (140, 57), (141, 57), (142, 57), 
(143, 57), (144, 57), (145, 57), (157, 57), (158, 57), (159, 57), (160, 57), (161, 57), (162, 57), (163, 57), 
(164, 57), (165, 57), (166, 57), (167, 57), (168, 57), (169, 57), (170, 57), (171, 57), (172, 57), (173, 57), 
(186, 57), (187, 57), (188, 57), (189, 57), (190, 57), (191, 57), (192, 57), (198, 57), (199, 57), (200, 57), 
(0, 58), (7, 58), (8, 58), (9, 58), (10, 58), (11, 58), (12, 58), (13, 58), (14, 58), (27, 58), 
(28, 58), (29, 58), (30, 58), (31, 58), (32, 58), (33, 58), (34, 58), (35, 58), (36, 58), (37, 58), 
(38, 58), (39, 58), (40, 58), (41, 58), (42, 58), (43, 58), (56, 58), (57, 58), (58, 58), (59, 58), 
(60, 58), (61, 58), (62, 58), (63, 58), (64, 58), (65, 58), (66, 58), (75, 58), (76, 58), (77, 58), 
(78, 58), (79, 58), (80, 58), (81, 58), (82, 58), (83, 58), (84, 58), (85, 58), (86, 58), (87, 58), 
(88, 58), (89, 58), (90, 58), (108, 58), (109, 58), (110, 58), (111, 58), (112, 58), (113, 58), (114, 58), 
(115, 58), (116, 58), (117, 58), (118, 58), (119, 58), (120, 58), (121, 58), (122, 58), (123, 58), (124, 58), 
(125, 58), (134, 58), (135, 58), (136, 58), (137, 58), (138, 58), (139, 58), (140, 58), (141, 58), (142, 58), 
(143, 58), (144, 58), (145, 58), (146, 58), (157, 58), (158, 58), (159, 58), (160, 58), (161, 58), (162, 58), 
(163, 58), (164, 58), (165, 58), (166, 58), (167, 58), (168, 58), (169, 58), (170, 58), (171, 58), (172, 58), 
(173, 58), (174, 58), (186, 58), (187, 58), (188, 58), (189, 58), (190, 58), (191, 58), (192, 58), (198, 58), 
(199, 58), (200, 58), (0, 59), (7, 59), (8, 59), (9, 59), (10, 59), (11, 59), (12, 59), (13, 59), 
(14, 59), (15, 59), (26, 59), (27, 59), (28, 59), (29, 59), (30, 59), (31, 59), (32, 59), (33, 59), 
(34, 59), (35, 59), (36, 59), (37, 59), (38, 59), (39, 59), (40, 59), (41, 59), (42, 59), (43, 59), 
(55, 59), (56, 59), (57, 59), (58, 59), (59, 59), (60, 59), (61, 59), (62, 59), (63, 59), (64, 59), 
(65, 59), (66, 59), (75, 59), (76, 59), (77, 59), (78, 59), (79, 59), (80, 59), (81, 59), (82, 59), 
(83, 59), (84, 59), (85, 59), (86, 59), (87, 59), (88, 59), (89, 59), (90, 59), (91, 59), (107, 59), 
(108, 59), (109, 59), (110, 59), (111, 59), (112, 59), (113, 59), (114, 59), (115, 59), (116, 59), (117, 59), 
(118, 59), (119, 59), (120, 59), (121, 59), (122, 59), (123, 59), (124, 59), (125, 59), (134, 59), (135, 59), 
(136, 59), (137, 59), (138, 59), (139, 59), (140, 59), (141, 59), (142, 59), (143, 59), (144, 59), (145, 59), 
(146, 59), (156, 59), (157, 59), (158, 59), (159, 59), (160, 59), (161, 59), (162, 59), (163, 59), (164, 59), 
(165, 59), (166, 59), (167, 59), (168, 59), (169, 59), (170, 59), (171, 59), (172, 59), (173, 59), (174, 59), 
(186, 59), (187, 59), (188, 59), (189, 59), (190, 59), (191, 59), (192, 59), (198, 59), (199, 59), (200, 59), 
(0, 60), (7, 60), (8, 60), (9, 60), (10, 60), (11, 60), (12, 60), (13, 60), (14, 60), (15, 60), 
(16, 60), (17, 60), (26, 60), (27, 60), (28, 60), (29, 60), (30, 60), (31, 60), (32, 60), (33, 60), 
(34, 60), (35, 60), (36, 60), (37, 60), (38, 60), (39, 60), (40, 60), (41, 60), (42, 60), (43, 60), 
(44, 60), (55, 60), (56, 60), (57, 60), (58, 60), (59, 60), (60, 60), (61, 60), (62, 60), (63, 60), 
(64, 60), (65, 60), (66, 60), (67, 60), (75, 60), (76, 60), (77, 60), (78, 60), (79, 60), (80, 60), 
(81, 60), (82, 60), (83, 60), (84, 60), (85, 60), (86, 60), (87, 60), (88, 60), (89, 60), (90, 60), 
(91, 60), (92, 60), (106, 60), (107, 60), (108, 60), (109, 60), (110, 60), (111, 60), (112, 60), (113, 60), 
(114, 60), (115, 60), (116, 60), (117, 60), (118, 60), (119, 60), (120, 60), (121, 60), (122, 60), (123, 60), 
(124, 60), (125, 60), (134, 60), (135, 60), (136, 60), (137, 60), (138, 60), (139, 60), (140, 60), (141, 60), 
(142, 60), (143, 60), (144, 60), (145, 60), (146, 60), (147, 60), (155, 60), (156, 60), (157, 60), (158, 60), 
(159, 60), (160, 60), (161, 60), (162, 60), (163, 60), (164, 60), (165, 60), (166, 60), (167, 60), (168, 60), 
(169, 60), (170, 60), (171, 60), (172, 60), (173, 60), (174, 60), (175, 60), (184, 60), (185, 60), (186, 60), 
(187, 60), (188, 60), (189, 60), (190, 60), (191, 60), (192, 60), (198, 60), (199, 60), (200, 60), (0, 61), 
(7, 61), (8, 61), (9, 61), (10, 61), (11, 61), (12, 61), (13, 61), (14, 61), (15, 61), (16, 61), 
(17, 61), (18, 61), (24, 61), (25, 61), (26, 61), (27, 61), (28, 61), (29, 61), (30, 61), (31, 61), 
(32, 61), (33, 61), (34, 61), (35, 61), (36, 61), (37, 61), (38, 61), (39, 61), (40, 61), (41, 61), 
(42, 61), (43, 61), (44, 61), (45, 61), (54, 61), (55, 61), (56, 61), (57, 61), (58, 61), (59, 61), 
(60, 61), (61, 61), (62, 61), (63, 61), (64, 61), (65, 61), (66, 61), (67, 61), (75, 61), (76, 61), 
(77, 61), (78, 61), (79, 61), (80, 61), (81, 61), (82, 61), (83, 61), (84, 61), (85, 61), (86, 61), 
(87, 61), (88, 61), (89, 61), (90, 61), (91, 61), (92, 61), (93, 61), (105, 61), (106, 61), (107, 61), 
(108, 61), (109, 61), (110, 61), (111, 61), (112, 61), (113, 61), (114, 61), (115, 61), (116, 61), (117, 61), 
(118, 61), (119, 61), (120, 61), (121, 61), (122, 61), (123, 61), (124, 61), (125, 61), (134, 61), (135, 61), 
(136, 61), (137, 61), (138, 61), (139, 61), (140, 61), (141, 61), (142, 61), (143, 61), (144, 61), (145, 61), 
(146, 61), (147, 61), (148, 61), (149, 61), (150, 61), (151, 61), (152, 61), (153, 61), (154, 61), (155, 61), 
(156, 61), (157, 61), (158, 61), (159, 61), (160, 61), (161, 61), (162, 61), (163, 61), (164, 61), (165, 61), 
(166, 61), (167, 61), (168, 61), (169, 61), (170, 61), (171, 61), (172, 61), (173, 61), (174, 61), (175, 61), 
(176, 61), (182, 61), (183, 61), (184, 61), (185, 61), (186, 61), (187, 61), (188, 61), (189, 61), (190, 61), 
(191, 61), (192, 61), (198, 61), (199, 61), (200, 61), (0, 62), (7, 62), (8, 62), (9, 62), (10, 62), 
(11, 62), (12, 62), (13, 62), (14, 62), (15, 62), (16, 62), (17, 62), (18, 62), (19, 62), (20, 62), 
(21, 62), (22, 62), (23, 62), (24, 62), (25, 62), (26, 62), (27, 62), (28, 62), (29, 62), (30, 62), 
(31, 62), (32, 62), (33, 62), (34, 62), (35, 62), (36, 62), (37, 62), (38, 62), (39, 62), (40, 62), 
(41, 62), (42, 62), (43, 62), (44, 62), (45, 62), (46, 62), (47, 62), (48, 62), (49, 62), (50, 62), 
(51, 62), (52, 62), (53, 62), (54, 62), (55, 62), (56, 62), (57, 62), (58, 62), (59, 62), (60, 62), 
(61, 62), (62, 62), (63, 62), (64, 62), (65, 62), (66, 62), (67, 62), (68, 62), (75, 62), (76, 62), 
(77, 62), (78, 62), (79, 62), (80, 62), (81, 62), (82, 62), (83, 62), (84, 62), (85, 62), (86, 62), 
(87, 62), (88, 62), (89, 62), (90, 62), (91, 62), (92, 62), (93, 62), (94, 62), (104, 62), (105, 62), 
(106, 62), (107, 62), (108, 62), (109, 62), (110, 62), (111, 62), (112, 62), (113, 62), (114, 62), (115, 62), 
(116, 62), (117, 62), (118, 62), (119, 62), (120, 62), (121, 62), (122, 62), (123, 62), (124, 62), (125, 62), 
(134, 62), (135, 62), (136, 62), (137, 62), (138, 62), (139, 62), (140, 62), (141, 62), (142, 62), (143, 62), 
(144, 62), (145, 62), (146, 62), (147, 62), (148, 62), (149, 62), (150, 62), (151, 62), (152, 62), (153, 62), 
(154, 62), (155, 62), (156, 62), (157, 62), (158, 62), (159, 62), (160, 62), (161, 62), (162, 62), (163, 62), 
(164, 62), (165, 62), (166, 62), (167, 62), (168, 62), (169, 62), (170, 62), (171, 62), (172, 62), (173, 62), 
(174, 62), (175, 62), (176, 62), (177, 62), (178, 62), (179, 62), (180, 62), (181, 62), (182, 62), (183, 62), 
(184, 62), (185, 62), (186, 62), (187, 62), (188, 62), (189, 62), (190, 62), (191, 62), (192, 62), (198, 62), 
(199, 62), (200, 62), (0, 63), (7, 63), (8, 63), (9, 63), (10, 63), (11, 63), (12, 63), (13, 63), 
(14, 63), (15, 63), (16, 63), (17, 63), (18, 63), (19, 63), (20, 63), (21, 63), (22, 63), (23, 63), 
(24, 63), (25, 63), (26, 63), (27, 63), (28, 63), (29, 63), (30, 63), (31, 63), (32, 63), (33, 63), 
(34, 63), (35, 63), (36, 63), (37, 63), (38, 63), (39, 63), (40, 63), (41, 63), (42, 63), (43, 63), 
(44, 63), (45, 63), (46, 63), (47, 63), (48, 63), (49, 63), (50, 63), (51, 63), (52, 63), (53, 63), 
(54, 63), (55, 63), (56, 63), (57, 63), (58, 63), (59, 63), (60, 63), (61, 63), (62, 63), (63, 63), 
(64, 63), (65, 63), (66, 63), (67, 63), (68, 63), (75, 63), (76, 63), (77, 63), (78, 63), (79, 63), 
(80, 63), (81, 63), (82, 63), (83, 63), (84, 63), (85, 63), (86, 63), (87, 63), (88, 63), (89, 63), 
(90, 63), (91, 63), (92, 63), (93, 63), (94, 63), (95, 63), (103, 63), (104, 63), (105, 63), (106, 63), 
(107, 63), (108, 63), (109, 63), (110, 63), (111, 63), (112, 63), (113, 63), (114, 63), (115, 63), (116, 63), 
(117, 63), (118, 63), (119, 63), (120, 63), (121, 63), (122, 63), (123, 63), (124, 63), (125, 63), (133, 63), 
(134, 63), (135, 63), (136, 63), (137, 63), (138, 63), (139, 63), (140, 63), (141, 63), (142, 63), (143, 63), 
(144, 63), (145, 63), (146, 63), (147, 63), (148, 63), (149, 63), (150, 63), (151, 63), (152, 63), (153, 63), 
(154, 63), (155, 63), (156, 63), (157, 63), (158, 63), (159, 63), (160, 63), (161, 63), (162, 63), (163, 63), 
(164, 63), (165, 63), (166, 63), (167, 63), (168, 63), (169, 63), (170, 63), (171, 63), (172, 63), (173, 63), 
(174, 63), (175, 63), (176, 63), (177, 63), (178, 63), (179, 63), (180, 63), (181, 63), (182, 63), (183, 63), 
(184, 63), (185, 63), (186, 63), (187, 63), (188, 63), (189, 63), (190, 63), (191, 63), (192, 63), (198, 63), 
(199, 63), (200, 63), (0, 64), (7, 64), (8, 64), (9, 64), (10, 64), (11, 64), (12, 64), (13, 64), 
(14, 64), (15, 64), (16, 64), (17, 64), (18, 64), (19, 64), (20, 64), (21, 64), (22, 64), (23, 64), 
(24, 64), (25, 64), (26, 64), (27, 64), (28, 64), (29, 64), (30, 64), (31, 64), (32, 64), (33, 64), 
(34, 64), (35, 64), (36, 64), (37, 64), (38, 64), (39, 64), (40, 64), (41, 64), (42, 64), (43, 64), 
(44, 64), (45, 64), (46, 64), (47, 64), (48, 64), (49, 64), (50, 64), (51, 64), (52, 64), (53, 64), 
(54, 64), (55, 64), (56, 64), (57, 64), (58, 64), (59, 64), (60, 64), (61, 64), (62, 64), (63, 64), 
(64, 64), (65, 64), (66, 64), (67, 64), (68, 64), (75, 64), (76, 64), (77, 64), (78, 64), (79, 64), 
(80, 64), (81, 64), (82, 64), (83, 64), (84, 64), (85, 64), (86, 64), (87, 64), (88, 64), (89, 64), 
(90, 64), (91, 64), (92, 64), (93, 64), (94, 64), (95, 64), (96, 64), (102, 64), (103, 64), (104, 64), 
(105, 64), (106, 64), (107, 64), (108, 64), (109, 64), (110, 64), (111, 64), (112, 64), (113, 64), (114, 64), 
(115, 64), (116, 64), (117, 64), (118, 64), (119, 64), (120, 64), (121, 64), (122, 64), (123, 64), (124, 64), 
(125, 64), (132, 64), (133, 64), (134, 64), (135, 64), (136, 64), (137, 64), (138, 64), (139, 64), (140, 64), 
(141, 64), (142, 64), (143, 64), (144, 64), (145, 64), (146, 64), (147, 64), (148, 64), (149, 64), (150, 64), 
(151, 64), (152, 64), (153, 64), (154, 64), (155, 64), (156, 64), (157, 64), (158, 64), (159, 64), (160, 64), 
(161, 64), (162, 64), (163, 64), (164, 64), (165, 64), (166, 64), (167, 64), (168, 64), (169, 64), (170, 64), 
(171, 64), (172, 64), (173, 64), (174, 64), (175, 64), (176, 64), (177, 64), (178, 64), (179, 64), (180, 64), 
(181, 64), (182, 64), (183, 64), (184, 64), (185, 64), (186, 64), (187, 64), (188, 64), (189, 64), (190, 64), 
(191, 64), (192, 64), (198, 64), (199, 64), (200, 64), (7, 65), (8, 65), (9, 65), (10, 65), (11, 65), 
(12, 65), (13, 65), (14, 65), (15, 65), (16, 65), (17, 65), (18, 65), (19, 65), (20, 65), (21, 65), 
(22, 65), (23, 65), (24, 65), (25, 65), (26, 65), (27, 65), (28, 65), (29, 65), (30, 65), (31, 65), 
(32, 65), (33, 65), (34, 65), (35, 65), (36, 65), (37, 65), (38, 65), (39, 65), (40, 65), (41, 65), 
(42, 65), (43, 65), (44, 65), (45, 65), (46, 65), (47, 65), (48, 65), (49, 65), (50, 65), (51, 65), 
(52, 65), (53, 65), (54, 65), (55, 65), (56, 65), (57, 65), (58, 65), (59, 65), (60, 65), (61, 65), 
(62, 65), (63, 65), (64, 65), (65, 65), (66, 65), (67, 65), (68, 65), (69, 65), (75, 65), (76, 65), 
(77, 65), (78, 65), (79, 65), (80, 65), (81, 65), (82, 65), (83, 65), (84, 65), (85, 65), (86, 65), 
(87, 65), (88, 65), (89, 65), (90, 65), (91, 65), (92, 65), (93, 65), (94, 65), (95, 65), (96, 65), 
(97, 65), (101, 65), (102, 65), (103, 65), (104, 65), (105, 65), (106, 65), (107, 65), (108, 65), (109, 65), 
(110, 65), (111, 65), (112, 65), (113, 65), (114, 65), (115, 65), (116, 65), (117, 65), (118, 65), (119, 65), 
(120, 65), (121, 65), (122, 65), (123, 65), (124, 65), (125, 65), (131, 65), (132, 65), (133, 65), (134, 65), 
(135, 65), (136, 65), (137, 65), (138, 65), (139, 65), (140, 65), (141, 65), (142, 65), (143, 65), (144, 65), 
(145, 65), (146, 65), (147, 65), (148, 65), (149, 65), (150, 65), (151, 65), (152, 65), (153, 65), (154, 65), 
(155, 65), (156, 65), (157, 65), (158, 65), (159, 65), (160, 65), (161, 65), (162, 65), (163, 65), (164, 65), 
(165, 65), (166, 65), (167, 65), (168, 65), (169, 65), (170, 65), (171, 65), (172, 65), (173, 65), (174, 65), 
(175, 65), (176, 65), (177, 65), (178, 65), (179, 65), (180, 65), (181, 65), (182, 65), (183, 65), (184, 65), 
(185, 65), (186, 65), (187, 65), (188, 65), (189, 65), (190, 65), (191, 65), (192, 65), (198, 65), (199, 65), 
(200, 65), (0, 66), (7, 66), (8, 66), (9, 66), (10, 66), (11, 66), (12, 66), (13, 66), (14, 66), 
(15, 66), (16, 66), (17, 66), (18, 66), (19, 66), (20, 66), (21, 66), (22, 66), (23, 66), (24, 66), 
(25, 66), (26, 66), (27, 66), (28, 66), (29, 66), (30, 66), (31, 66), (32, 66), (33, 66), (34, 66), 
(35, 66), (36, 66), (37, 66), (38, 66), (39, 66), (40, 66), (41, 66), (42, 66), (43, 66), (44, 66), 
(45, 66), (46, 66), (47, 66), (48, 66), (49, 66), (50, 66), (51, 66), (52, 66), (53, 66), (54, 66), 
(55, 66), (56, 66), (57, 66), (58, 66), (59, 66), (60, 66), (61, 66), (62, 66), (63, 66), (64, 66), 
(65, 66), (66, 66), (67, 66), (68, 66), (69, 66), (75, 66), (76, 66), (77, 66), (78, 66), (79, 66), 
(80, 66), (81, 66), (82, 66), (83, 66), (84, 66), (85, 66), (86, 66), (87, 66), (88, 66), (89, 66), 
(90, 66), (91, 66), (92, 66), (93, 66), (94, 66), (95, 66), (96, 66), (97, 66), (98, 66), (100, 66), 
(101, 66), (102, 66), (103, 66), (104, 66), (105, 66), (106, 66), (107, 66), (108, 66), (109, 66), (110, 66), 
(111, 66), (112, 66), (113, 66), (114, 66), (115, 66), (116, 66), (117, 66), (118, 66), (119, 66), (120, 66), 
(121, 66), (122, 66), (123, 66), (124, 66), (125, 66), (131, 66), (132, 66), (133, 66), (134, 66), (135, 66), 
(136, 66), (137, 66), (138, 66), (139, 66), (140, 66), (141, 66), (142, 66), (143, 66), (144, 66), (145, 66), 
(146, 66), (147, 66), (148, 66), (149, 66), (150, 66), (151, 66), (152, 66), (153, 66), (154, 66), (155, 66), 
(156, 66), (157, 66), (158, 66), (159, 66), (160, 66), (161, 66), (162, 66), (163, 66), (164, 66), (165, 66), 
(166, 66), (167, 66), (168, 66), (169, 66), (170, 66), (171, 66), (172, 66), (173, 66), (174, 66), (175, 66), 
(176, 66), (177, 66), (178, 66), (179, 66), (180, 66), (181, 66), (182, 66), (183, 66), (184, 66), (185, 66), 
(186, 66), (187, 66), (188, 66), (189, 66), (190, 66), (191, 66), (192, 66), (198, 66), (199, 66), (200, 66), 
(0, 67), (7, 67), (8, 67), (9, 67), (10, 67), (11, 67), (12, 67), (13, 67), (14, 67), (15, 67), 
(16, 67), (17, 67), (18, 67), (19, 67), (20, 67), (21, 67), (22, 67), (23, 67), (24, 67), (25, 67), 
(26, 67), (27, 67), (28, 67), (29, 67), (30, 67), (31, 67), (32, 67), (33, 67), (34, 67), (35, 67), 
(36, 67), (37, 67), (38, 67), (39, 67), (40, 67), (41, 67), (42, 67), (43, 67), (44, 67), (45, 67), 
(46, 67), (47, 67), (48, 67), (49, 67), (50, 67), (51, 67), (52, 67), (53, 67), (54, 67), (55, 67), 
(56, 67), (57, 67), (58, 67), (59, 67), (60, 67), (61, 67), (62, 67), (63, 67), (64, 67), (65, 67), 
(66, 67), (67, 67), (68, 67), (69, 67), (70, 67), (75, 67), (76, 67), (77, 67), (78, 67), (79, 67), 
(80, 67), (81, 67), (82, 67), (83, 67), (84, 67), (85, 67), (86, 67), (87, 67), (88, 67), (89, 67), 
(90, 67), (91, 67), (92, 67), (93, 67), (94, 67), (95, 67), (96, 67), (97, 67), (98, 67), (99, 67), 
(100, 67), (101, 67), (102, 67), (103, 67), (104, 67), (105, 67), (106, 67), (107, 67), (108, 67), (109, 67), 
(110, 67), (111, 67), (112, 67), (113, 67), (114, 67), (115, 67), (116, 67), (117, 67), (118, 67), (119, 67), 
(120, 67), (121, 67), (122, 67), (123, 67), (124, 67), (125, 67), (130, 67), (131, 67), (132, 67), (133, 67), 
(134, 67), (135, 67), (136, 67), (137, 67), (138, 67), (139, 67), (140, 67), (141, 67), (142, 67), (143, 67), 
(144, 67), (145, 67), (146, 67), (147, 67), (148, 67), (149, 67), (150, 67), (151, 67), (152, 67), (153, 67), 
(154, 67), (155, 67), (156, 67), (157, 67), (158, 67), (159, 67), (160, 67), (161, 67), (162, 67), (163, 67), 
(164, 67), (165, 67), (166, 67), (167, 67), (168, 67), (169, 67), (170, 67), (171, 67), (172, 67), (173, 67), 
(174, 67), (175, 67), (176, 67), (177, 67), (178, 67), (179, 67), (180, 67), (181, 67), (182, 67), (183, 67), 
(184, 67), (185, 67), (186, 67), (187, 67), (188, 67), (189, 67), (190, 67), (191, 67), (192, 67), (198, 67), 
(199, 67), (200, 67), (0, 68), (7, 68), (8, 68), (9, 68), (10, 68), (11, 68), (12, 68), (13, 68), 
(14, 68), (15, 68), (16, 68), (17, 68), (18, 68), (19, 68), (20, 68), (21, 68), (22, 68), (23, 68), 
(24, 68), (25, 68), (26, 68), (27, 68), (28, 68), (29, 68), (30, 68), (31, 68), (32, 68), (33, 68), 
(34, 68), (35, 68), (36, 68), (37, 68), (38, 68), (39, 68), (40, 68), (41, 68), (42, 68), (43, 68), 
(44, 68), (45, 68), (46, 68), (47, 68), (48, 68), (49, 68), (50, 68), (51, 68), (52, 68), (53, 68), 
(54, 68), (55, 68), (56, 68), (57, 68), (58, 68), (59, 68), (60, 68), (61, 68), (62, 68), (63, 68), 
(64, 68), (65, 68), (66, 68), (67, 68), (68, 68), (69, 68), (70, 68), (75, 68), (76, 68), (77, 68), 
(78, 68), (79, 68), (80, 68), (81, 68), (82, 68), (83, 68), (84, 68), (85, 68), (86, 68), (87, 68), 
(88, 68), (89, 68), (90, 68), (91, 68), (92, 68), (93, 68), (94, 68), (95, 68), (96, 68), (97, 68), 
(98, 68), (99, 68), (100, 68), (101, 68), (102, 68), (103, 68), (104, 68), (105, 68), (106, 68), (107, 68), 
(108, 68), (109, 68), (110, 68), (111, 68), (112, 68), (113, 68), (114, 68), (115, 68), (116, 68), (117, 68), 
(118, 68), (119, 68), (120, 68), (121, 68), (122, 68), (123, 68), (124, 68), (125, 68), (129, 68), (130, 68), 
(131, 68), (132, 68), (133, 68), (134, 68), (135, 68), (136, 68), (137, 68), (138, 68), (139, 68), (140, 68), 
(141, 68), (142, 68), (143, 68), (144, 68), (145, 68), (146, 68), (147, 68), (148, 68), (149, 68), (150, 68), 
(151, 68), (152, 68), (153, 68), (154, 68), (155, 68), (156, 68), (157, 68), (158, 68), (159, 68), (160, 68), 
(161, 68), (162, 68), (163, 68), (164, 68), (165, 68), (166, 68), (167, 68), (168, 68), (169, 68), (170, 68), 
(171, 68), (172, 68), (173, 68), (174, 68), (175, 68), (176, 68), (177, 68), (178, 68), (179, 68), (180, 68), 
(181, 68), (182, 68), (183, 68), (184, 68), (185, 68), (186, 68), (187, 68), (188, 68), (189, 68), (190, 68), 
(191, 68), (192, 68), (198, 68), (199, 68), (200, 68), (0, 69), (7, 69), (8, 69), (9, 69), (10, 69), 
(11, 69), (12, 69), (13, 69), (14, 69), (15, 69), (16, 69), (17, 69), (18, 69), (19, 69), (20, 69), 
(21, 69), (22, 69), (23, 69), (24, 69), (25, 69), (26, 69), (27, 69), (28, 69), (29, 69), (30, 69), 
(31, 69), (32, 69), (33, 69), (34, 69), (35, 69), (36, 69), (37, 69), (38, 69), (39, 69), (40, 69), 
(41, 69), (42, 69), (43, 69), (44, 69), (45, 69), (46, 69), (47, 69), (48, 69), (49, 69), (50, 69), 
(51, 69), (52, 69), (53, 69), (54, 69), (55, 69), (56, 69), (57, 69), (58, 69), (59, 69), (60, 69), 
(61, 69), (62, 69), (63, 69), (64, 69), (65, 69), (66, 69), (67, 69), (68, 69), (69, 69), (70, 69), 
(71, 69), (75, 69), (76, 69), (77, 69), (78, 69), (79, 69), (80, 69), (81, 69), (82, 69), (83, 69), 
(84, 69), (85, 69), (86, 69), (87, 69), (88, 69), (89, 69), (90, 69), (91, 69), (92, 69), (93, 69), 
(94, 69), (95, 69), (96, 69), (97, 69), (98, 69), (99, 69), (100, 69), (101, 69), (102, 69), (103, 69), 
(104, 69), (105, 69), (106, 69), (107, 69), (108, 69), (109, 69), (110, 69), (111, 69), (112, 69), (113, 69), 
(114, 69), (115, 69), (116, 69), (117, 69), (118, 69), (119, 69), (120, 69), (121, 69), (122, 69), (123, 69), 
(124, 69), (125, 69), (129, 69), (130, 69), (131, 69), (132, 69), (133, 69), (134, 69), (135, 69), (136, 69), 
(137, 69), (138, 69), (139, 69), (140, 69), (141, 69), (142, 69), (143, 69), (144, 69), (145, 69), (146, 69), 
(147, 69), (148, 69), (149, 69), (150, 69), (151, 69), (152, 69), (153, 69), (154, 69), (155, 69), (156, 69), 
(157, 69), (158, 69), (159, 69), (160, 69), (161, 69), (162, 69), (163, 69), (164, 69), (165, 69), (166, 69), 
(167, 69), (168, 69), (169, 69), (170, 69), (171, 69), (172, 69), (173, 69), (174, 69), (175, 69), (176, 69), 
(177, 69), (178, 69), (179, 69), (180, 69), (181, 69), (182, 69), (183, 69), (184, 69), (185, 69), (186, 69), 
(187, 69), (188, 69), (189, 69), (190, 69), (191, 69), (192, 69), (198, 69), (199, 69), (200, 69), (0, 70), 
(7, 70), (8, 70), (9, 70), (10, 70), (11, 70), (12, 70), (13, 70), (14, 70), (15, 70), (16, 70), 
(17, 70), (18, 70), (19, 70), (20, 70), (21, 70), (22, 70), (23, 70), (24, 70), (25, 70), (26, 70), 
(27, 70), (28, 70), (29, 70), (30, 70), (31, 70), (32, 70), (33, 70), (34, 70), (35, 70), (36, 70), 
(37, 70), (38, 70), (39, 70), (40, 70), (41, 70), (42, 70), (43, 70), (44, 70), (45, 70), (46, 70), 
(47, 70), (48, 70), (49, 70), (50, 70), (51, 70), (52, 70), (53, 70), (54, 70), (55, 70), (56, 70), 
(57, 70), (58, 70), (59, 70), (60, 70), (61, 70), (62, 70), (63, 70), (64, 70), (65, 70), (66, 70), 
(67, 70), (68, 70), (69, 70), (70, 70), (71, 70), (75, 70), (76, 70), (77, 70), (78, 70), (79, 70), 
(80, 70), (81, 70), (82, 70), (83, 70), (84, 70), (85, 70), (86, 70), (87, 70), (88, 70), (89, 70), 
(90, 70), (91, 70), (92, 70), (93, 70), (94, 70), (95, 70), (96, 70), (97, 70), (98, 70), (99, 70), 
(100, 70), (101, 70), (102, 70), (103, 70), (104, 70), (105, 70), (106, 70), (107, 70), (108, 70), (109, 70), 
(110, 70), (111, 70), (112, 70), (113, 70), (114, 70), (115, 70), (116, 70), (117, 70), (118, 70), (119, 70), 
(120, 70), (121, 70), (122, 70), (123, 70), (124, 70), (128, 70), (129, 70), (130, 70), (131, 70), (132, 70), 
(133, 70), (134, 70), (135, 70), (136, 70), (137, 70), (138, 70), (139, 70), (140, 70), (141, 70), (142, 70), 
(143, 70), (144, 70), (145, 70), (146, 70), (147, 70), (148, 70), (149, 70), (150, 70), (151, 70), (152, 70), 
(153, 70), (154, 70), (155, 70), (156, 70), (157, 70), (158, 70), (159, 70), (160, 70), (161, 70), (162, 70), 
(163, 70), (164, 70), (165, 70), (166, 70), (167, 70), (168, 70), (169, 70), (170, 70), (171, 70), (172, 70), 
(173, 70), (174, 70), (175, 70), (176, 70), (177, 70), (178, 70), (179, 70), (180, 70), (181, 70), (182, 70), 
(183, 70), (184, 70), (185, 70), (186, 70), (187, 70), (188, 70), (189, 70), (190, 70), (191, 70), (192, 70), 
(198, 70), (199, 70), (200, 70), (7, 71), (8, 71), (9, 71), (10, 71), (11, 71), (12, 71), (13, 71), 
(14, 71), (15, 71), (16, 71), (17, 71), (18, 71), (19, 71), (20, 71), (21, 71), (22, 71), (23, 71), 
(24, 71), (25, 71), (26, 71), (27, 71), (28, 71), (29, 71), (30, 71), (31, 71), (32, 71), (33, 71), 
(34, 71), (35, 71), (36, 71), (37, 71), (38, 71), (39, 71), (40, 71), (41, 71), (42, 71), (43, 71), 
(44, 71), (45, 71), (46, 71), (47, 71), (48, 71), (49, 71), (50, 71), (51, 71), (52, 71), (53, 71), 
(54, 71), (55, 71), (56, 71), (57, 71), (58, 71), (59, 71), (60, 71), (61, 71), (62, 71), (63, 71), 
(64, 71), (65, 71), (66, 71), (67, 71), (68, 71), (69, 71), (70, 71), (71, 71), (75, 71), (76, 71), 
(77, 71), (78, 71), (79, 71), (80, 71), (81, 71), (82, 71), (83, 71), (84, 71), (85, 71), (86, 71), 
(87, 71), (88, 71), (89, 71), (90, 71), (91, 71), (92, 71), (93, 71), (94, 71), (95, 71), (96, 71), 
(97, 71), (98, 71), (99, 71), (100, 71), (101, 71), (102, 71), (103, 71), (104, 71), (105, 71), (106, 71), 
(107, 71), (108, 71), (109, 71), (110, 71), (111, 71), (112, 71), (113, 71), (114, 71), (115, 71), (116, 71), 
(117, 71), (118, 71), (119, 71), (120, 71), (121, 71), (122, 71), (123, 71), (127, 71), (128, 71), (129, 71), 
(130, 71), (131, 71), (132, 71), (133, 71), (134, 71), (135, 71), (136, 71), (137, 71), (138, 71), (139, 71), 
(140, 71), (141, 71), (142, 71), (143, 71), (144, 71), (145, 71), (146, 71), (147, 71), (148, 71), (149, 71), 
(150, 71), (151, 71), (152, 71), (153, 71), (154, 71), (155, 71), (156, 71), (157, 71), (158, 71), (159, 71), 
(160, 71), (161, 71), (162, 71), (163, 71), (198, 71), (199, 71), (200, 71), (7, 72), (8, 72), (9, 72), 
(10, 72), (11, 72), (12, 72), (13, 72), (14, 72), (15, 72), (16, 72), (17, 72), (18, 72), (19, 72), 
(20, 72), (21, 72), (22, 72), (23, 72), (24, 72), (25, 72), (26, 72), (27, 72), (28, 72), (29, 72), 
(30, 72), (31, 72), (32, 72), (33, 72), (34, 72), (35, 72), (36, 72), (37, 72), (38, 72), (39, 72), 
(40, 72), (41, 72), (42, 72), (43, 72), (44, 72), (45, 72), (46, 72), (47, 72), (48, 72), (49, 72), 
(50, 72), (51, 72), (52, 72), (53, 72), (54, 72), (55, 72), (56, 72), (57, 72), (58, 72), (59, 72), 
(60, 72), (61, 72), (62, 72), (63, 72), (64, 72), (65, 72), (66, 72), (67, 72), (68, 72), (69, 72), 
(70, 72), (71, 72), (72, 72), (76, 72), (77, 72), (78, 72), (79, 72), (80, 72), (81, 72), (82, 72), 
(83, 72), (84, 72), (85, 72), (86, 72), (87, 72), (88, 72), (89, 72), (90, 72), (91, 72), (92, 72), 
(93, 72), (94, 72), (95, 72), (96, 72), (97, 72), (98, 72), (99, 72), (100, 72), (101, 72), (102, 72), 
(103, 72), (104, 72), (105, 72), (106, 72), (107, 72), (108, 72), (109, 72), (110, 72), (111, 72), (112, 72), 
(113, 72), (114, 72), (115, 72), (116, 72), (117, 72), (118, 72), (119, 72), (120, 72), (121, 72), (122, 72), 
(123, 72), (127, 72), (128, 72), (129, 72), (130, 72), (131, 72), (132, 72), (133, 72), (134, 72), (135, 72), 
(136, 72), (137, 72), (138, 72), (139, 72), (140, 72), (141, 72), (142, 72), (143, 72), (144, 72), (145, 72), 
(146, 72), (147, 72), (148, 72), (149, 72), (150, 72), (151, 72), (152, 72), (153, 72), (154, 72), (155, 72), 
(156, 72), (157, 72), (158, 72), (159, 72), (160, 72), (161, 72), (162, 72), (198, 72), (199, 72), (200, 72), 
(7, 73), (8, 73), (9, 73), (10, 73), (11, 73), (12, 73), (13, 73), (14, 73), (15, 73), (16, 73), 
(17, 73), (18, 73), (19, 73), (20, 73), (21, 73), (22, 73), (23, 73), (24, 73), (25, 73), (26, 73), 
(27, 73), (28, 73), (29, 73), (30, 73), (31, 73), (32, 73), (33, 73), (34, 73), (35, 73), (36, 73), 
(37, 73), (38, 73), (39, 73), (40, 73), (41, 73), (42, 73), (43, 73), (44, 73), (45, 73), (46, 73), 
(47, 73), (48, 73), (49, 73), (50, 73), (51, 73), (52, 73), (53, 73), (54, 73), (55, 73), (56, 73), 
(57, 73), (58, 73), (59, 73), (60, 73), (61, 73), (62, 73), (63, 73), (64, 73), (65, 73), (66, 73), 
(67, 73), (68, 73), (69, 73), (70, 73), (71, 73), (72, 73), (76, 73), (77, 73), (78, 73), (79, 73), 
(80, 73), (81, 73), (82, 73), (83, 73), (84, 73), (85, 73), (86, 73), (87, 73), (88, 73), (89, 73), 
(90, 73), (91, 73), (92, 73), (93, 73), (94, 73), (95, 73), (96, 73), (97, 73), (98, 73), (99, 73), 
(100, 73), (101, 73), (102, 73), (103, 73), (104, 73), (105, 73), (106, 73), (107, 73), (108, 73), (109, 73), 
(110, 73), (111, 73), (112, 73), (113, 73), (114, 73), (115, 73), (116, 73), (117, 73), (118, 73), (119, 73), 
(120, 73), (121, 73), (122, 73), (126, 73), (127, 73), (128, 73), (129, 73), (130, 73), (131, 73), (132, 73), 
(133, 73), (134, 73), (135, 73), (136, 73), (137, 73), (138, 73), (139, 73), (140, 73), (141, 73), (142, 73), 
(143, 73), (144, 73), (145, 73), (146, 73), (147, 73), (148, 73), (149, 73), (150, 73), (151, 73), (152, 73), 
(153, 73), (154, 73), (155, 73), (156, 73), (157, 73), (158, 73), (159, 73), (160, 73), (161, 73), (162, 73), 
(198, 73), (199, 73), (200, 73), (0, 74), (7, 74), (8, 74), (9, 74), (10, 74), (11, 74), (12, 74), 
(13, 74), (14, 74), (15, 74), (16, 74), (17, 74), (18, 74), (19, 74), (20, 74), (21, 74), (22, 74), 
(23, 74), (24, 74), (25, 74), (26, 74), (27, 74), (28, 74), (29, 74), (30, 74), (31, 74), (32, 74), 
(33, 74), (34, 74), (35, 74), (36, 74), (37, 74), (38, 74), (39, 74), (40, 74), (41, 74), (42, 74), 
(43, 74), (44, 74), (45, 74), (46, 74), (47, 74), (48, 74), (49, 74), (50, 74), (51, 74), (52, 74), 
(53, 74), (54, 74), (55, 74), (56, 74), (57, 74), (58, 74), (59, 74), (60, 74), (61, 74), (62, 74), 
(63, 74), (64, 74), (65, 74), (66, 74), (67, 74), (68, 74), (69, 74), (70, 74), (71, 74), (72, 74), 
(73, 74), (77, 74), (78, 74), (79, 74), (80, 74), (81, 74), (82, 74), (83, 74), (84, 74), (85, 74), 
(86, 74), (87, 74), (88, 74), (89, 74), (90, 74), (91, 74), (92, 74), (93, 74), (94, 74), (95, 74), 
(96, 74), (97, 74), (98, 74), (99, 74), (100, 74), (101, 74), (102, 74), (103, 74), (104, 74), (105, 74), 
(106, 74), (107, 74), (108, 74), (109, 74), (110, 74), (111, 74), (112, 74), (113, 74), (114, 74), (115, 74), 
(116, 74), (117, 74), (118, 74), (119, 74), (120, 74), (121, 74), (125, 74), (126, 74), (127, 74), (128, 74), 
(129, 74), (130, 74), (131, 74), (132, 74), (133, 74), (134, 74), (135, 74), (136, 74), (137, 74), (138, 74), 
(139, 74), (140, 74), (141, 74), (142, 74), (143, 74), (144, 74), (145, 74), (146, 74), (147, 74), (148, 74), 
(149, 74), (150, 74), (151, 74), (152, 74), (153, 74), (154, 74), (155, 74), (156, 74), (157, 74), (158, 74), 
(159, 74), (160, 74), (161, 74), (198, 74), (199, 74), (200, 74), (7, 75), (8, 75), (9, 75), (10, 75), 
(11, 75), (12, 75), (13, 75), (14, 75), (15, 75), (16, 75), (17, 75), (18, 75), (19, 75), (20, 75), 
(21, 75), (22, 75), (23, 75), (24, 75), (25, 75), (26, 75), (27, 75), (28, 75), (29, 75), (30, 75), 
(31, 75), (32, 75), (33, 75), (34, 75), (35, 75), (36, 75), (37, 75), (38, 75), (39, 75), (40, 75), 
(41, 75), (42, 75), (43, 75), (44, 75), (45, 75), (46, 75), (47, 75), (48, 75), (49, 75), (50, 75), 
(51, 75), (52, 75), (53, 75), (54, 75), (55, 75), (56, 75), (57, 75), (58, 75), (59, 75), (60, 75), 
(61, 75), (62, 75), (63, 75), (64, 75), (65, 75), (66, 75), (67, 75), (68, 75), (69, 75), (70, 75), 
(71, 75), (72, 75), (73, 75), (77, 75), (78, 75), (79, 75), (80, 75), (81, 75), (82, 75), (83, 75), 
(84, 75), (85, 75), (86, 75), (87, 75), (88, 75), (89, 75), (90, 75), (91, 75), (92, 75), (93, 75), 
(94, 75), (95, 75), (96, 75), (97, 75), (98, 75), (99, 75), (100, 75), (101, 75), (102, 75), (103, 75), 
(104, 75), (105, 75), (106, 75), (107, 75), (108, 75), (109, 75), (110, 75), (111, 75), (112, 75), (113, 75), 
(114, 75), (115, 75), (116, 75), (117, 75), (118, 75), (119, 75), (120, 75), (125, 75), (126, 75), (127, 75), 
(128, 75), (129, 75), (130, 75), (131, 75), (132, 75), (133, 75), (134, 75), (135, 75), (136, 75), (137, 75), 
(138, 75), (139, 75), (140, 75), (141, 75), (142, 75), (143, 75), (144, 75), (145, 75), (146, 75), (147, 75), 
(148, 75), (149, 75), (150, 75), (151, 75), (152, 75), (153, 75), (154, 75), (155, 75), (156, 75), (157, 75), 
(158, 75), (159, 75), (160, 75), (161, 75), (0, 76), (7, 76), (8, 76), (9, 76), (10, 76), (11, 76), 
(12, 76), (13, 76), (14, 76), (15, 76), (16, 76), (17, 76), (18, 76), (19, 76), (20, 76), (21, 76), 
(22, 76), (23, 76), (24, 76), (25, 76), (26, 76), (27, 76), (28, 76), (29, 76), (30, 76), (31, 76), 
(32, 76), (33, 76), (34, 76), (35, 76), (36, 76), (37, 76), (38, 76), (39, 76), (40, 76), (41, 76), 
(42, 76), (43, 76), (44, 76), (45, 76), (46, 76), (47, 76), (48, 76), (49, 76), (50, 76), (51, 76), 
(52, 76), (53, 76), (54, 76), (55, 76), (56, 76), (57, 76), (58, 76), (59, 76), (60, 76), (61, 76), 
(62, 76), (63, 76), (64, 76), (65, 76), (66, 76), (67, 76), (68, 76), (69, 76), (70, 76), (71, 76), 
(72, 76), (73, 76), (74, 76), (77, 76), (78, 76), (79, 76), (80, 76), (81, 76), (82, 76), (83, 76), 
(84, 76), (85, 76), (86, 76), (87, 76), (88, 76), (89, 76), (90, 76), (91, 76), (92, 76), (93, 76), 
(94, 76), (95, 76), (96, 76), (97, 76), (98, 76), (99, 76), (100, 76), (101, 76), (102, 76), (103, 76), 
(104, 76), (105, 76), (106, 76), (107, 76), (108, 76), (109, 76), (110, 76), (111, 76), (112, 76), (113, 76), 
(114, 76), (115, 76), (116, 76), (117, 76), (118, 76), (119, 76), (120, 76), (124, 76), (125, 76), (126, 76), 
(127, 76), (128, 76), (129, 76), (130, 76), (131, 76), (132, 76), (133, 76), (134, 76), (135, 76), (136, 76), 
(137, 76), (138, 76), (139, 76), (140, 76), (141, 76), (142, 76), (143, 76), (144, 76), (145, 76), (146, 76), 
(147, 76), (148, 76), (149, 76), (150, 76), (151, 76), (152, 76), (153, 76), (154, 76), (155, 76), (156, 76), 
(157, 76), (158, 76), (159, 76), (160, 76), (0, 77), (7, 77), (8, 77), (9, 77), (10, 77), (11, 77), 
(12, 77), (13, 77), (14, 77), (15, 77), (16, 77), (17, 77), (18, 77), (19, 77), (20, 77), (21, 77), 
(22, 77), (23, 77), (24, 77), (25, 77), (26, 77), (27, 77), (28, 77), (29, 77), (30, 77), (31, 77), 
(32, 77), (33, 77), (34, 77), (35, 77), (36, 77), (37, 77), (38, 77), (39, 77), (40, 77), (41, 77), 
(42, 77), (43, 77), (44, 77), (45, 77), (46, 77), (47, 77), (48, 77), (49, 77), (50, 77), (51, 77), 
(52, 77), (53, 77), (54, 77), (55, 77), (56, 77), (57, 77), (58, 77), (59, 77), (60, 77), (61, 77), 
(62, 77), (63, 77), (64, 77), (65, 77), (66, 77), (67, 77), (68, 77), (69, 77), (70, 77), (71, 77), 
(72, 77), (73, 77), (74, 77), (78, 77), (79, 77), (80, 77), (81, 77), (82, 77), (83, 77), (84, 77), 
(85, 77), (86, 77), (87, 77), (88, 77), (89, 77), (90, 77), (91, 77), (92, 77), (93, 77), (94, 77), 
(95, 77), (96, 77), (97, 77), (98, 77), (99, 77), (100, 77), (101, 77), (102, 77), (103, 77), (104, 77), 
(105, 77), (106, 77), (107, 77), (108, 77), (109, 77), (110, 77), (111, 77), (112, 77), (113, 77), (114, 77), 
(115, 77), (116, 77), (117, 77), (118, 77), (119, 77), (123, 77), (124, 77), (125, 77), (126, 77), (127, 77), 
(128, 77), (129, 77), (130, 77), (131, 77), (132, 77), (133, 77), (134, 77), (135, 77), (136, 77), (137, 77), 
(138, 77), (139, 77), (140, 77), (141, 77), (142, 77), (143, 77), (144, 77), (145, 77), (146, 77), (147, 77), 
(148, 77), (149, 77), (150, 77), (151, 77), (152, 77), (153, 77), (154, 77), (155, 77), (156, 77), (157, 77), 
(158, 77), (159, 77), (160, 77), (0, 78), (7, 78), (8, 78), (9, 78), (10, 78), (11, 78), (12, 78), 
(13, 78), (14, 78), (15, 78), (16, 78), (17, 78), (18, 78), (19, 78), (20, 78), (21, 78), (22, 78), 
(23, 78), (24, 78), (25, 78), (26, 78), (27, 78), (28, 78), (29, 78), (30, 78), (31, 78), (32, 78), 
(33, 78), (34, 78), (35, 78), (36, 78), (37, 78), (38, 78), (39, 78), (40, 78), (41, 78), (42, 78), 
(43, 78), (44, 78), (45, 78), (46, 78), (47, 78), (48, 78), (49, 78), (50, 78), (51, 78), (52, 78), 
(53, 78), (54, 78), (55, 78), (56, 78), (57, 78), (58, 78), (59, 78), (60, 78), (61, 78), (62, 78), 
(63, 78), (64, 78), (65, 78), (66, 78), (67, 78), (68, 78), (69, 78), (70, 78), (71, 78), (72, 78), 
(73, 78), (74, 78), (81, 78), (82, 78), (83, 78), (84, 78), (85, 78), (86, 78), (87, 78), (88, 78), 
(89, 78), (90, 78), (91, 78), (92, 78), (93, 78), (94, 78), (95, 78), (96, 78), (97, 78), (98, 78), 
(99, 78), (100, 78), (101, 78), (102, 78), (103, 78), (104, 78), (105, 78), (106, 78), (107, 78), (108, 78), 
(109, 78), (110, 78), (111, 78), (112, 78), (113, 78), (114, 78), (115, 78), (116, 78), (117, 78), (118, 78), 
(122, 78), (123, 78), (124, 78), (125, 78), (126, 78), (127, 78), (128, 78), (129, 78), (130, 78), (131, 78), 
(132, 78), (133, 78), (134, 78), (135, 78), (136, 78), (137, 78), (138, 78), (139, 78), (140, 78), (141, 78), 
(142, 78), (143, 78), (144, 78), (145, 78), (146, 78), (147, 78), (148, 78), (149, 78), (150, 78), (151, 78), 
(152, 78), (153, 78), (154, 78), (155, 78), (156, 78), (157, 78), (158, 78), (159, 78), (0, 79), (7, 79), 
(8, 79), (9, 79), (10, 79), (11, 79), (12, 79), (13, 79), (14, 79), (15, 79), (16, 79), (17, 79), 
(18, 79), (19, 79), (20, 79), (21, 79), (22, 79), (23, 79), (24, 79), (25, 79), (26, 79), (27, 79), 
(52, 79), (53, 79), (54, 79), (55, 79), (56, 79), (57, 79), (58, 79), (59, 79), (60, 79), (61, 79), 
(62, 79), (63, 79), (64, 79), (65, 79), (66, 79), (67, 79), (68, 79), (69, 79), (70, 79), (71, 79), 
(72, 79), (73, 79), (74, 79), (75, 79), (82, 79), (83, 79), (84, 79), (85, 79), (86, 79), (87, 79), 
(88, 79), (89, 79), (90, 79), (91, 79), (92, 79), (93, 79), (94, 79), (95, 79), (96, 79), (97, 79), 
(98, 79), (99, 79), (100, 79), (101, 79), (102, 79), (103, 79), (104, 79), (105, 79), (106, 79), (107, 79), 
(108, 79), (109, 79), (110, 79), (111, 79), (112, 79), (113, 79), (114, 79), (115, 79), (116, 79), (117, 79), 
(118, 79), (122, 79), (123, 79), (124, 79), (125, 79), (126, 79), (127, 79), (128, 79), (129, 79), (130, 79), 
(131, 79), (132, 79), (133, 79), (134, 79), (135, 79), (136, 79), (137, 79), (138, 79), (139, 79), (140, 79), 
(141, 79), (142, 79), (143, 79), (144, 79), (145, 79), (146, 79), (147, 79), (148, 79), (149, 79), (150, 79), 
(151, 79), (152, 79), (153, 79), (154, 79), (155, 79), (156, 79), (157, 79), (158, 79), (159, 79), (0, 80), 
(7, 80), (8, 80), (9, 80), (10, 80), (11, 80), (12, 80), (13, 80), (14, 80), (15, 80), (16, 80), 
(17, 80), (18, 80), (19, 80), (20, 80), (21, 80), (22, 80), (23, 80), (24, 80), (25, 80), (26, 80), 
(27, 80), (52, 80), (53, 80), (54, 80), (55, 80), (56, 80), (57, 80), (58, 80), (59, 80), (60, 80), 
(61, 80), (62, 80), (63, 80), (64, 80), (65, 80), (66, 80), (67, 80), (68, 80), (69, 80), (70, 80), 
(71, 80), (72, 80), (73, 80), (74, 80), (75, 80), (82, 80), (83, 80), (84, 80), (85, 80), (86, 80), 
(87, 80), (88, 80), (89, 80), (90, 80), (91, 80), (92, 80), (93, 80), (94, 80), (95, 80), (96, 80), 
(97, 80), (98, 80), (99, 80), (100, 80), (101, 80), (102, 80), (103, 80), (104, 80), (105, 80), (106, 80), 
(107, 80), (108, 80), (109, 80), (110, 80), (111, 80), (112, 80), (113, 80), (114, 80), (115, 80), (116, 80), 
(117, 80), (121, 80), (122, 80), (123, 80), (124, 80), (125, 80), (126, 80), (127, 80), (128, 80), (129, 80), 
(130, 80), (131, 80), (132, 80), (133, 80), (134, 80), (135, 80), (136, 80), (137, 80), (138, 80), (139, 80), 
(140, 80), (141, 80), (142, 80), (143, 80), (144, 80), (145, 80), (146, 80), (147, 80), (148, 80), (149, 80), 
(150, 80), (151, 80), (152, 80), (153, 80), (154, 80), (155, 80), (156, 80), (157, 80), (158, 80), (0, 81), 
(7, 81), (8, 81), (9, 81), (10, 81), (11, 81), (12, 81), (13, 81), (14, 81), (15, 81), (16, 81), 
(17, 81), (18, 81), (19, 81), (20, 81), (21, 81), (22, 81), (23, 81), (24, 81), (25, 81), (26, 81), 
(27, 81), (51, 81), (52, 81), (53, 81), (54, 81), (55, 81), (56, 81), (57, 81), (58, 81), (59, 81), 
(60, 81), (61, 81), (62, 81), (63, 81), (64, 81), (65, 81), (66, 81), (67, 81), (68, 81), (69, 81), 
(70, 81), (71, 81), (72, 81), (73, 81), (74, 81), (75, 81), (82, 81), (83, 81), (84, 81), (85, 81), 
(86, 81), (87, 81), (88, 81), (89, 81), (90, 81), (91, 81), (92, 81), (93, 81), (94, 81), (95, 81), 
(96, 81), (97, 81), (98, 81), (99, 81), (100, 81), (101, 81), (102, 81), (103, 81), (104, 81), (105, 81), 